1
2
3
3
3
4
4
4
4
4
5
6
7
8
9
10
11
12
9
12
9
12
9
12
8
9
10
11
12
9
12
9
12
13
7
6
7
8
8
9
9
10
10
11
11
6
12
7
12
9
12
9
12
9
12
9
12
9
12
9
12
13
13
7
7
6
7
8
9
14
10
15
16
17
13
7
6
7
13
7
6
7
8
9
10
11
18
19
12
9
11
18
19
12
13
7
6
7
8
9
10
11
12
9
12
15
9
11
12
13
7
20
21
22
22
22
23
24
25
26
27
28
29
29
29
29
23
2
28
28
28
28
28
28
30
31
26
27
27
32
30
33
24
25
26
27
27
34
30
24
25
26
27
34
27
24
30
25
26
27
27
30
34
24
25
26
27
34
27
30
24
25
26
27
28
29
29
29
29
35
35
35
35
35
23
33
31
28
28
28
28
28
28
30
36
2
23
24
25
26
27
28
29
29
23
29
2
29
35
35
35
35
35
23
33
31
28
28
28
28
28
28
30
36
2
23
24
25
26
27
28
29
29
23
29
2
29
23
33
31
28
28
28
28
28
28
30
37
2
38
38
38
38
38
38
38
39
38
40
41
42
42
43
44
42
45
46
47
47
48
48
48
48
48
48
48
47
48
48
48
48
48
48
48
48
48
48
48
48
48
48
48
48
48
48
48
48
48
48
48
48
48
48
48
48
48
48
48
48
48
48
48
48
48
48
48
48
48
48
48
48
48
48
48
48
48
48
48
48
48
48
48
48
48
48
48
48
48
48
48
48
48
48
48
48
48
48
48
48
48
48
48
48
48
48
48
48
48
48
48
48
48
48
48
48
48
48
48
48
47
48
48
48
48
48
48
48
48
48
48
47
48
48
48
48
48
48
48
48
48
48
48
48
48
48
48
48
48
48
48
48
48
48
48
48
48
48
48
48
48
48
48
48
48
48
48
48
48
48
48
48
48
48
48
48
48
48
48
48
48
48
48
48
48
48
48
48
48
48
48
48
48
48
48
48
48
48
48
48
48
48
48
48
48
48
48
48
48
48
48
48
48
48
48
48
48
48
48
48
48
48
48
48
48
48
48
48
48
48
48
48
47
47
48
48
48
48
48
48
48
48
48
48
48
47
49
49
49
49
49
49
49
49
49
49
50
51
52
53
50
51
52
53
50
51
52
53
50
51
52
53
50
51
53
54
54
54
54
54
55
50
53
54
54
54
54
54
54
54
54
54
54
39
39
39
39
39
56
39
39
39
39
39
57
58
59
60
61
62
63
57
58
64
64
64
64
64
59
60
61
62
63
65
66
66
66
67
68
69
69
69
70
71
72
73
74
75
75
75
75
76
75
75
75
