1
2
1
2
1
2
3
3
4
3
4
3
4
3
4
3
4
3
4
3
4
3
4
4
3
4
3
4
3
4
3
4
3
4
3
4
3
4
3
3
5
6
7
8
7
9
10
11
5
5
6
7
8
7
9
10
11
5
5
6
7
8
7
9
10
11
5
12
13
5
6
7
8
7
9
10
11
5
5
6
7
8
7
9
10
11
5
5
6
7
8
7
9
10
11
5
5
6
7
8
7
9
10
11
14
15
16
5
5
6
7
8
7
9
10
11
14
15
16
5
5
6
7
8
7
9
10
11
14
15
16
5
5
6
7
8
7
9
10
11
14
17
18
19
20
13
20
18
21
22
23
24
5
5
6
7
8
7
9
10
11
14
25
22
23
5
5
6
7
8
7
9
10
11
14
25
22
23
24
5
5
6
7
8
7
9
10
11
16
14
25
5
5
6
7
8
7
9
10
11
26
5
5
6
7
8
7
9
10
11
14
14
16
14
14
25
14
27
28
28
5
5
6
7
8
7
9
10
11
5
6
7
8
7
9
10
11
5
6
7
8
7
9
10
11
5
6
7
8
7
9
10
11
5
6
7
8
7
9
10
11
5
6
7
8
7
9
10
11
5
6
7
8
7
9
10
11
14
16
14
14
25
14
27
28
28
5
5
6
7
8
7
9
10
11
14
16
14
14
25
14
27
28
28
5
5
6
7
8
7
9
10
11
14
16
14
14
25
14
27
28
28
5
5
6
7
8
7
9
10
11
14
16
14
14
25
14
27
28
28
5
5
6
7
8
7
9
10
11
14
16
14
14
25
14
27
28
28
5
5
6
7
8
7
9
10
11
14
16
14
14
25
14
27
28
28
5
5
6
7
8
7
9
10
11
14
16
14
14
25
14
27
28
28
5
5
6
7
8
7
9
10
11
5
5
6
7
8
7
9
10
11
5
5
6
7
8
7
9
10
11
5
5
6
7
8
7
9
10
11
14
16
14
14
25
14
27
28
28
5
5
6
7
8
7
9
10
11
14
16
14
14
25
14
27
28
28
5
5
6
7
8
7
9
10
11
29
30
30
30
31
30
30
32
33
32
5
5
6
7
8
7
9
10
11
14
16
14
14
25
14
27
28
28
5
5
6
7
8
7
9
10
11
14
16
14
25
5
5
6
7
8
7
9
10
11
14
16
14
25
5
5
6
7
8
7
9
10
11
16
14
14
25
5
5
6
7
8
7
9
10
11
14
16
14
25
5
5
6
7
8
7
9
10
11
14
16
14
25
5
5
6
7
8
7
9
10
11
14
16
14
25
5
5
6
7
8
7
9
10
11
14
16
14
25
5
5
6
7
8
7
9
10
11
14
16
14
25
5
5
6
7
8
7
9
10
11
14
16
14
25
5
5
6
7
8
7
9
10
11
14
16
14
25
5
5
6
7
8
7
9
10
11
14
16
14
14
25
14
27
28
28
34
35
36
37
38
5
5
6
7
8
7
9
10
11
14
16
14
14
25
14
27
28
28
39
39
40
41
42
43
44
45
46
5
