1
2
3
4
5
3
4
5
6
6
6
6
6
7
8
9
10
11
12
13
14
15
16
17
18
19
20
21
22
23
24
25
26
27
27
27
27
27
27
28
29
28
29
28
29
30
31
28
29
32
33
34
35
2
2
36
37
38
39
40
41
42
43
44
45
46
46
42
43
44
47
48
49
49
49
49
49
49
49
45
42
43
44
47
48
49
49
49
49
45
42
43
44
47
48
49
49
49
49
49
49
49
49
49
45
42
43
42
43
50
44
47
48
49
51
52
53
45
44
47
48
49
49
49
54
42
43
44
47
48
49
49
49
49
53
45
42
43
44
47
48
49
49
53
45
45
55
55
56
57
57
57
57
42
43
44
47
48
49
49
45
42
43
44
47
48
49
49
45
57
57
57
42
43
57
44
47
48
49
49
49
49
49
49
49
49
49
49
49
49
49
49
49
49
49
49
49
58
38
2
2
59
45
57
57
60
60
60
60
60
60
60
60
60
60
61
60
61
60
60
60
60
60
60
55
57
62
63
3
3
64
65
66
51
52
67
68
57
69
70
71
72
7
8
9
10
73
74
75
14
22
76
17
18
19
20
21
77
23
24
25
78
27
27
27
27
27
27
28
29
28
29
28
29
30
79
28
29
32
80
81
82
2
2
36
37
38
83
40
41
42
43
44
45
84
46
46
46
46
46
46
46
42
43
42
43
44
45
85
44
45
63
86
5
2
2
36
87
88
89
90
91
92
93
94
93
94
93
94
93
95
93
95
89
90
91
92
93
94
93
94
93
94
93
95
93
95
96
63
3
3
97
98
5
63
3
3
97
98
5
63
3
3
97
98
5
63
3
3
97
98
5
63
3
3
97
98
5
96
99
100
42
43
44
47
48
49
49
49
49
49
49
49
45
42
43
44
47
48
49
49
49
49
45
42
43
44
47
48
49
49
49
49
49
49
49
49
49
45
42
43
42
43
44
47
48
49
53
45
44
47
48
49
49
49
49
49
49
49
49
49
49
45
55
55
56
57
57
57
57
42
43
44
47
48
49
49
45
42
43
44
47
48
49
49
45
57
57
42
43
57
44
47
48
49
49
49
49
49
49
49
49
49
49
49
49
49
49
49
49
49
49
49
45
42
43
57
44
47
48
49
49
49
49
49
49
49
49
49
49
49
49
49
49
49
49
49
49
49
49
49
49
49
49
45
42
43
57
44
47
48
49
49
49
49
49
49
49
49
49
49
49
49
49
49
49
49
49
49
49
49
49
49
49
49
49
49
49
49
49
49
49
49
49
49
49
45
42
43
57
44
47
48
49
45
57
42
43
57
50
50
47
48
49
49
49
49
49
50
50
50
44
51
52
51
52
51
63
86
63
3
3
97
98
5
5
63
86
5
63
86
63
3
3
97
98
5
5
63
86
63
3
3
97
98
5
5
63
86
5
63
86
63
3
3
97
98
5
5
47
48
49
49
49
49
49
49
49
49
49
49
49
49
49
49
49
49
49
49
49
49
49
49
49
49
49
49
49
49
49
49
49
49
49
49
49
49
49
49
49
49
49
49
49
49
49
49
49
49
49
49
49
49
49
49
57
57
101
51
51
45
57
42
43
44
47
48
49
45
42
43
44
47
48
49
49
45
42
43
44
47
48
49
45
42
43
44
47
48
49
49
49
49
49
49
49
49
49
49
49
49
49
49
49
49
49
49
49
49
49
49
49
49
49
49
49
49
49
49
49
49
49
49
49
49
49
49
49
49
49
49
49
49
49
49
49
49
49
49
49
49
49
49
49
49
49
49
49
49
49
49
49
49
49
57
54
57
57
57
45
42
43
44
57
57
57
57
54
45
57
60
60
60
60
60
60
60
60
60
60
60
60
60
60
60
60
60
60
60
60
60
60
60
60
60
55
57
62
57
57
57
102
103
103
61
104
57
102
103
103
61
105
103
106
63
3
3
97
64
107
66
51
52
67
108
57
69
109
28
29
32
80
110
66
51
67
108
57
57
69
109
28
29
32
80
110
66
51
111
108
57
112
112
112
112
112
112
112
112
113
109
28
29
32
80
110
66
51
67
108
57
69
109
71
114
7
8
9
10
115
116
117
14
77
118
17
119
23
24
25
120
27
27
27
27
27
27
28
29
28
29
28
29
30
121
28
29
32
122
123
124
2
2
36
125
40
41
42
43
44
45
42
43
44
47
48
49
49
49
49
49
49
49
45
42
43
44
47
48
49
49
49
49
45
42
43
44
47
48
49
49
49
49
49
49
49
49
49
45
55
55
56
57
57
57
57
42
43
44
47
48
49
49
45
42
43
44
47
48
49
49
45
42
43
50
44
47
48
49
51
52
45
57
60
60
60
60
60
60
60
60
60
60
60
60
55
57
62
3
3
64
126
66
51
52
111
127
47
48
49
49
49
49
49
49
49
49
49
49
49
49
49
49
49
49
49
49
49
49
49
49
49
49
49
49
49
49
49
49
49
49
49
49
49
49
49
49
49
49
49
49
49
49
49
49
49
49
49
49
49
49
49
49
128
85
128
85
128
85
101
113
129
71
130
7
8
9
10
73
74
75
14
22
76
17
131
132
133
134
77
23
24
25
135
27
27
27
27
27
27
28
29
28
29
28
29
30
136
28
29
32
137
138
139
2
2
36
140
38
83
40
41
42
43
44
45
84
46
46
46
46
46
46
42
43
42
43
44
45
85
44
45
42
43
42
43
44
45
85
44
45
63
86
63
86
5
5
2
2
36
87
88
89
90
91
92
93
94
93
94
93
94
93
95
93
95
89
90
91
92
93
94
93
94
93
94
93
95
93
95
96
63
3
3
97
98
5
63
3
3
97
98
5
63
3
3
97
98
5
63
3
3
97
98
5
63
3
3
97
98
5
96
99
100
63
86
63
86
5
5
2
2
36
87
88
89
90
91
92
93
94
93
94
93
94
93
95
93
95
89
90
91
92
93
94
93
94
93
94
93
95
93
95
99
63
3
3
97
98
5
63
3
3
97
98
5
63
3
3
97
98
5
63
3
3
97
98
5
63
3
3
97
98
5
99
99
100
42
43
44
47
48
49
49
49
49
49
49
49
45
42
43
44
47
48
49
49
49
49
45
42
43
44
47
48
49
49
49
49
49
49
49
49
49
45
55
55
56
57
57
57
57
42
43
44
47
48
49
49
45
42
43
44
47
48
49
49
45
57
57
42
43
57
44
47
48
49
49
49
49
49
49
49
49
49
49
49
49
49
49
49
49
49
49
49
45
42
43
57
44
47
48
49
49
49
49
49
49
49
49
49
49
49
49
49
49
49
49
49
49
49
49
49
49
49
49
45
42
43
57
44
47
48
49
49
49
49
49
49
49
49
49
49
49
49
49
49
49
49
49
49
49
49
49
49
49
49
49
49
49
49
49
49
49
49
49
49
49
45
42
43
57
44
47
48
49
45
57
57
42
43
44
47
48
49
45
42
43
44
47
48
49
49
45
42
43
44
47
48
49
45
42
43
44
47
48
49
49
49
49
49
49
49
49
49
49
49
49
49
49
49
49
49
49
49
49
49
49
49
49
49
49
49
49
49
49
49
49
49
49
49
49
49
49
49
49
49
49
49
49
49
49
49
49
49
49
49
49
49
49
49
49
49
49
49
49
49
49
49
49
49
57
54
57
57
57
45
42
43
44
57
57
57
57
54
45
57
60
60
60
60
60
60
60
60
60
60
60
60
60
60
60
60
60
60
60
60
60
60
60
55
57
62
57
57
102
103
103
61
104
102
103
103
61
105
63
3
3
97
64
141
66
47
48
49
51
52
67
142
57
57
57
57
57
57
69
143
71
144
1
2
1
2
1
2
7
8
9
10
115
116
117
14
77
118
17
119
23
24
25
145
27
27
27
27
27
27
28
29
28
29
28
29
30
121
28
29
32
122
123
124
2
2
36
125
40
41
42
43
44
45
146
147
148
2
149
150
42
43
44
47
48
49
49
49
49
49
49
49
45
42
43
44
47
48
49
49
49
49
45
42
43
44
47
48
49
49
49
49
49
49
49
49
49
45
55
55
56
57
57
57
57
42
43
44
47
48
49
49
45
42
43
44
47
48
49
49
45
42
43
50
50
50
50
50
50
50
44
47
48
49
49
51
57
52
51
3
3
3
4
5
85
51
3
3
3
4
5
51
3
3
3
4
5
51
3
3
3
4
5
85
51
3
3
3
4
5
85
51
3
3
3
4
5
85
45
57
60
60
60
60
60
60
60
60
60
60
60
60
60
55
57
62
3
3
3
64
126
66
47
48
49
51
57
52
51
3
3
3
4
5
85
51
3
3
3
4
5
51
3
3
3
4
5
51
3
3
3
4
5
85
51
3
3
3
4
5
85
51
3
3
3
4
5
85
67
127
3
3
3
4
3
3
3
4
3
3
3
4
3
3
3
4
3
3
3
4
3
3
3
4
69
129
71
130
2
2
36
151
40
41
42
43
44
45
84
152
46
46
46
46
46
46
46
46
42
43
44
45
2
2
36
87
88
89
90
91
92
93
94
93
94
93
94
93
95
93
95
89
90
91
92
93
94
93
94
93
94
93
95
93
95
96
3
3
97
98
5
3
3
97
98
5
3
3
97
98
5
3
3
97
98
5
3
3
97
98
5
96
99
100
149
150
42
43
44
47
48
49
49
49
49
49
49
49
45
42
43
44
47
48
49
49
49
49
45
42
43
44
47
48
49
49
49
49
49
49
49
49
49
45
42
43
44
47
48
49
49
49
49
49
49
49
49
49
49
45
42
43
44
47
48
49
49
49
49
49
49
49
49
49
49
49
49
49
49
45
55
55
56
57
57
57
57
42
43
44
47
48
49
49
42
43
153
42
43
47
48
49
49
49
154
44
155
57
156
45
42
43
57
44
47
48
49
156
45
42
43
153
57
57
44
47
48
49
49
49
49
49
49
49
54
45
44
47
48
49
49
49
49
49
49
49
49
49
45
45
42
43
44
47
48
49
49
57
45
42
43
44
47
48
49
57
45
57
57
57
57
42
43
57
44
47
48
49
49
57
45
42
43
57
44
47
48
49
49
49
49
49
49
49
49
49
49
49
49
49
49
49
49
49
49
49
57
45
42
43
57
44
47
48
49
49
49
49
49
49
49
49
49
49
49
49
49
49
49
49
49
49
49
49
49
49
49
49
57
45
42
43
57
44
47
48
49
49
49
49
49
49
49
49
49
49
49
49
49
49
49
49
49
49
49
49
49
49
49
49
49
49
49
49
49
49
49
49
49
49
49
57
45
42
43
57
44
47
48
49
57
45
57
57
57
42
43
44
47
48
49
57
45
42
43
44
47
48
49
49
57
157
158
159
45
42
43
44
47
48
49
57
45
42
43
44
47
48
49
49
49
49
49
49
49
49
49
49
49
49
49
49
49
49
49
49
49
49
49
49
49
49
49
49
49
49
49
49
49
49
49
49
49
49
49
49
49
49
49
49
49
49
49
49
49
49
49
49
49
49
49
49
49
49
49
49
49
49
49
49
49
49
49
57
54
57
57
57
57
45
42
43
44
57
57
57
57
54
57
45
57
57
60
60
60
60
60
60
60
60
60
60
60
60
60
60
60
60
60
60
60
60
60
60
60
60
60
60
60
60
60
55
57
62
57
57
57
102
103
103
61
104
57
102
103
103
61
105
3
3
97
64
57
57
160
2
2
36
151
40
41
42
43
44
45
84
46
46
46
42
43
44
45
2
2
36
87
88
89
90
91
91
161
93
95
93
95
93
95
93
95
93
95
93
95
93
95
93
95
89
90
91
91
161
93
95
93
95
93
95
93
95
93
95
93
95
93
95
93
95
87
149
150
42
43
44
47
48
49
49
49
49
49
49
49
45
42
43
44
47
48
49
49
49
49
45
42
43
44
47
48
49
49
49
49
49
49
49
49
49
45
42
43
44
47
48
49
49
49
49
49
49
49
49
49
49
45
55
55
56
57
57
57
57
42
43
44
47
48
49
49
45
42
43
44
47
48
49
49
45
42
43
50
44
47
48
49
49
49
51
47
48
49
49
49
49
49
49
49
49
49
49
49
49
49
49
49
49
49
49
49
49
49
49
49
49
49
49
49
49
49
49
49
49
49
49
49
49
49
49
49
49
49
49
49
49
49
49
49
49
49
49
49
49
49
49
42
43
162
44
47
48
49
49
49
49
49
49
49
49
49
49
49
49
49
49
49
49
49
49
49
45
42
43
162
44
47
48
49
49
49
49
49
49
49
49
49
49
49
49
49
49
49
49
49
49
49
49
49
49
49
49
45
101
103
106
45
57
57
42
43
57
47
48
49
49
49
49
50
50
50
44
51
51
51
45
57
57
57
60
60
60
60
60
60
60
60
60
60
60
60
60
60
60
60
60
60
55
57
62
57
3
3
97
64
57
112
160
112
57
112
160
112
112
160
112
112
160
112
163
62
57
57
164
54
54
54
165
163
62
57
57
164
54
166
166
166
166
165
2
2
36
151
40
41
42
43
44
45
84
152
46
46
46
46
46
46
46
46
42
43
44
45
2
2
36
87
88
89
90
91
92
93
94
93
94
93
94
93
95
93
95
89
90
91
92
93
94
93
94
93
94
93
95
93
95
96
3
3
97
98
5
3
3
97
98
5
3
3
97
98
5
3
3
97
98
5
3
3
97
98
5
96
99
100
149
150
42
43
44
47
48
49
49
49
49
49
49
49
61
45
42
43
44
47
48
49
49
49
49
45
42
43
44
47
48
49
49
49
49
49
49
49
49
49
45
42
43
44
47
48
49
49
49
49
49
49
49
49
49
49
45
42
43
44
47
48
49
49
49
49
49
49
49
49
49
49
49
49
49
49
45
55
55
56
57
57
57
57
42
43
44
47
48
49
49
42
43
153
42
43
47
48
49
49
49
154
44
155
57
156
45
42
43
57
44
47
48
49
156
45
42
43
153
57
57
44
47
48
49
49
49
49
49
49
49
54
45
44
47
48
49
49
49
49
49
49
49
49
49
45
45
42
43
44
47
48
49
49
57
45
42
43
44
47
48
49
57
45
57
57
57
57
42
43
57
44
47
48
49
49
57
45
42
43
57
44
47
48
49
49
49
49
49
49
49
49
49
49
49
49
49
49
49
49
49
49
49
57
45
42
43
57
44
47
48
49
49
49
49
49
49
49
49
49
49
49
49
49
49
49
49
49
49
49
49
49
49
49
49
57
45
42
43
57
44
47
48
49
49
49
49
49
49
49
49
49
49
49
49
49
49
49
49
49
49
49
49
49
49
49
49
49
49
49
49
49
49
49
49
49
49
49
57
45
42
43
57
44
47
48
49
57
45
57
57
57
42
43
44
47
48
49
57
45
42
43
44
47
48
49
49
57
157
158
159
45
42
43
44
47
48
49
57
45
42
43
44
47
48
49
49
49
49
49
49
49
49
49
49
49
49
49
49
49
49
49
49
49
49
49
49
49
49
49
49
49
49
49
49
49
49
49
49
49
49
49
49
49
49
49
49
49
49
49
49
49
49
49
49
49
49
49
49
49
49
49
49
49
49
49
49
49
49
49
57
54
57
57
57
57
45
42
43
44
57
57
57
57
54
57
45
57
57
60
60
60
60
60
60
60
60
60
60
60
60
60
60
60
60
60
60
60
60
60
60
60
60
60
60
60
60
60
55
57
62
57
57
57
102
103
103
61
104
57
102
103
103
61
105
3
3
97
64
2
2
36
151
40
41
42
43
44
45
84
46
46
46
42
43
44
45
2
2
36
87
88
89
90
91
91
161
93
95
93
95
93
95
93
95
93
95
93
95
93
95
93
95
89
90
91
91
161
93
95
93
95
93
95
93
95
93
95
93
95
93
95
93
95
87
149
150
42
43
44
47
48
49
49
49
49
49
49
49
45
42
43
44
47
48
49
49
49
49
45
42
43
44
47
48
49
49
49
49
49
49
49
49
49
45
42
43
44
47
48
49
49
49
49
49
49
49
49
49
49
45
55
55
56
57
57
57
57
42
43
44
47
48
49
49
45
42
43
44
47
48
49
49
45
42
43
50
44
47
48
49
49
49
51
47
48
49
49
49
49
49
49
49
49
49
49
49
49
49
49
49
49
49
49
49
49
49
49
49
49
49
49
49
49
49
49
49
49
49
49
49
49
49
49
49
49
49
49
49
49
49
49
49
49
49
49
49
49
49
49
42
43
162
44
47
48
49
49
49
49
49
49
49
49
49
49
49
49
49
49
49
49
49
49
49
45
42
43
162
44
47
48
49
49
49
49
49
49
49
49
49
49
49
49
49
49
49
49
49
49
49
49
49
49
49
49
45
101
103
106
45
57
57
42
43
57
47
48
49
49
49
49
50
50
50
44
51
51
51
45
57
57
57
60
60
60
60
60
60
60
60
60
60
60
60
60
60
60
60
60
60
55
57
62
57
3
3
97
64
57
112
157
57
160
167
112
2
2
168
151
40
41
42
43
44
45
84
3
3
97
98
5
58
2
2
84
169
170
42
43
44
47
48
49
49
49
49
49
49
49
45
42
43
44
47
48
49
49
49
49
45
42
43
44
47
48
49
49
49
49
49
49
49
49
49
45
42
43
44
47
48
49
49
49
54
171
42
43
44
47
48
49
49
45
45
55
55
56
57
57
57
57
42
43
44
47
48
49
49
45
42
43
44
47
48
49
49
45
42
43
44
47
48
49
45
42
43
44
47
48
49
49
49
49
49
49
49
49
49
49
49
49
49
49
49
49
49
49
49
58
2
2
84
59
45
57
57
57
60
60
60
60
60
60
60
60
60
60
60
60
60
60
60
60
55
57
62
3
3
97
64
57
2
2
168
151
40
41
42
43
44
45
84
3
3
97
98
5
58
2
2
84
169
170
169
170
169
170
42
43
44
47
48
49
49
49
49
49
49
49
45
42
43
44
47
48
49
49
49
49
45
42
43
44
47
48
49
49
49
49
49
49
49
49
49
45
42
43
44
47
48
49
49
49
54
171
42
43
44
47
48
49
49
45
45
42
43
44
54
171
57
45
42
43
44
54
171
57
45
55
55
56
57
57
57
57
42
43
44
47
48
49
49
45
42
43
44
47
48
49
49
45
42
43
44
47
48
49
45
42
43
44
47
48
49
49
49
49
49
49
49
49
49
49
49
49
49
49
49
49
49
49
49
58
2
2
84
59
45
57
42
43
44
58
2
2
84
59
45
57
42
43
44
58
2
2
84
59
45
57
57
57
60
60
60
60
60
60
60
60
60
60
60
60
60
60
60
60
55
57
62
3
3
97
64
57
57
57
2
2
168
151
40
41
42
43
44
45
84
3
3
97
98
5
58
2
2
84
169
170
58
2
2
84
169
170
42
43
44
47
48
49
49
49
49
49
49
49
45
42
43
44
47
48
49
49
49
49
45
42
43
44
47
48
49
49
49
49
49
49
49
49
49
45
42
43
44
47
48
49
49
49
54
171
42
43
44
47
48
49
49
45
45
42
43
44
54
171
57
45
55
55
56
57
57
57
57
42
43
44
47
48
49
49
45
42
43
44
47
48
49
49
45
42
43
44
47
48
49
45
42
43
44
47
48
49
49
49
49
49
49
49
49
49
49
49
49
49
49
49
49
49
49
49
58
2
2
84
59
45
57
57
42
43
44
58
2
2
84
59
45
57
57
60
60
60
60
60
60
60
60
60
60
60
60
60
60
60
60
55
57
62
3
3
97
64
57
57
57
2
2
36
151
84
40
41
42
43
44
45
58
84
2
2
169
170
169
170
169
170
58
84
2
2
172
58
84
2
2
172
58
84
2
2
169
170
169
170
58
84
2
2
172
58
84
2
2
172
58
84
2
2
172
42
43
44
47
48
49
49
49
49
49
49
49
45
42
43
44
47
48
49
49
49
49
45
42
43
44
47
48
49
49
49
49
49
49
49
49
49
45
42
43
44
47
48
49
49
49
54
171
42
43
44
47
48
49
49
45
45
42
43
44
54
171
57
45
42
43
44
54
171
57
45
42
43
44
54
171
57
45
42
43
44
54
171
57
45
55
55
56
57
57
57
57
42
43
44
47
48
49
49
45
42
43
44
47
48
49
49
45
42
43
44
47
48
49
45
42
43
44
47
48
49
49
49
49
49
49
49
49
49
49
49
49
49
49
49
49
49
49
49
58
84
2
2
59
45
57
42
43
44
58
84
2
2
59
45
57
42
43
44
58
84
2
2
59
45
57
57
42
43
44
47
48
49
49
49
49
49
49
49
49
49
49
49
49
49
49
49
49
49
49
49
49
49
49
49
49
49
49
49
49
49
49
49
49
49
49
49
58
84
2
2
85
59
45
57
42
43
44
58
84
2
2
85
59
45
57
57
60
60
60
60
60
60
60
60
60
60
60
60
60
60
60
60
60
55
57
62
97
3
3
64
57
57
57
163
62
57
164
2
2
36
151
84
40
41
42
43
44
45
58
84
2
2
169
170
58
84
2
2
169
170
58
84
2
2
169
170
58
84
2
2
169
170
58
84
2
2
169
170
58
84
2
2
169
170
58
84
2
2
169
170
42
43
44
47
48
49
49
49
49
49
49
49
45
42
43
44
47
48
49
49
49
49
45
42
43
44
47
48
49
49
49
49
49
49
49
49
49
45
42
43
44
47
48
49
49
49
54
171
42
43
44
47
48
49
49
45
45
42
43
44
54
171
57
45
42
43
44
54
171
57
45
42
43
44
54
171
57
45
42
43
44
54
171
57
45
42
43
44
54
171
57
45
42
43
44
54
171
57
45
55
55
56
57
57
57
57
42
43
44
47
48
49
49
45
42
43
44
47
48
49
49
45
42
43
44
47
48
49
45
42
43
44
47
48
49
49
49
49
49
49
49
49
49
49
49
49
49
49
49
49
49
49
49
58
84
2
2
59
45
57
57
42
43
44
47
48
49
49
49
49
49
49
49
49
49
49
58
84
2
2
59
45
57
42
43
44
47
48
49
49
49
49
49
49
49
49
49
49
49
49
49
49
49
49
49
49
49
49
49
49
49
49
58
84
2
2
59
45
57
42
43
44
47
48
49
49
49
49
49
49
49
49
49
49
49
49
49
49
49
49
49
49
49
49
49
49
49
49
49
49
49
49
49
49
49
49
49
49
49
58
84
2
2
85
59
45
57
42
43
44
47
48
49
49
49
49
49
49
49
49
49
49
49
58
84
2
2
59
45
57
42
43
44
47
48
49
49
49
49
49
49
49
49
49
49
49
49
49
49
49
49
49
49
49
49
49
49
49
49
49
49
49
49
49
49
49
49
49
49
49
49
49
49
49
49
49
49
49
49
49
49
49
49
49
49
49
49
49
49
49
49
49
49
49
49
49
49
49
49
49
49
49
49
49
49
49
49
49
49
58
84
2
2
59
45
57
42
43
44
47
48
49
49
49
49
49
49
49
49
49
49
49
49
49
49
49
49
49
49
49
49
49
49
49
49
49
49
49
49
49
49
49
49
49
49
49
49
49
49
49
49
49
49
49
49
49
49
49
49
58
84
2
2
59
45
57
57
60
60
60
60
60
60
60
60
60
60
60
60
60
60
60
60
60
60
60
60
60
60
55
57
62
97
3
3
64
57
57
57
57
163
62
57
164
2
2
168
151
40
41
42
43
44
45
84
2
2
168
173
2
2
168
173
58
2
2
84
169
170
58
2
2
84
169
170
58
2
2
84
169
170
58
2
2
84
169
170
58
2
2
84
169
170
58
2
2
84
169
170
58
2
2
84
169
170
58
2
2
84
169
170
169
170
169
170
58
2
2
84
172
58
2
2
84
172
58
2
2
84
169
170
169
170
58
2
2
84
172
58
2
2
84
172
58
2
2
84
172
42
43
44
47
48
49
49
49
49
49
49
49
45
42
43
44
47
48
49
49
49
49
45
42
43
44
47
48
49
49
49
49
49
49
49
49
49
45
42
43
44
47
48
49
49
49
54
171
42
43
44
47
48
49
49
45
45
42
43
44
54
171
57
45
42
43
44
54
171
57
45
42
43
44
54
171
57
45
42
43
44
54
171
57
45
42
43
44
54
171
57
45
42
43
44
54
171
57
45
42
43
44
54
171
57
45
42
43
44
54
171
57
45
42
43
44
54
171
57
45
42
43
44
54
171
57
45
42
43
44
54
171
57
45
55
55
56
57
57
57
57
42
43
44
47
48
49
49
45
42
43
44
47
48
49
49
45
42
43
44
47
48
49
45
42
43
44
47
48
49
45
42
43
44
47
48
49
45
42
43
44
47
48
49
49
49
49
49
49
49
49
49
49
49
49
49
49
49
49
49
49
49
58
2
2
84
59
45
57
57
42
43
44
47
48
49
49
49
49
49
49
49
49
49
49
58
2
2
84
59
45
57
42
43
44
47
48
49
49
49
49
49
49
49
49
49
49
49
49
49
49
49
49
49
49
49
49
49
49
49
49
58
2
2
84
59
45
57
42
43
44
47
48
49
49
49
49
49
49
49
49
49
49
49
49
49
49
49
49
49
49
49
49
49
49
49
49
49
49
49
49
49
49
49
49
49
49
49
58
2
2
84
85
59
45
57
42
43
44
47
48
49
49
49
49
49
49
49
49
49
49
49
58
2
2
84
59
45
57
42
43
44
47
48
49
49
49
49
49
49
49
49
49
49
49
49
49
49
49
49
49
49
49
49
49
49
49
49
49
49
49
49
49
49
49
49
49
49
49
49
49
49
49
49
49
49
49
49
49
49
49
49
49
49
49
49
49
49
49
49
49
49
49
49
49
49
49
49
49
49
49
49
49
49
49
49
49
49
58
2
2
84
59
45
57
42
43
44
47
48
49
49
49
49
49
49
49
49
49
49
49
49
49
49
49
49
49
49
49
49
49
49
49
49
49
49
49
49
49
49
49
49
49
49
49
49
49
49
49
49
49
49
49
49
49
49
49
49
58
2
2
84
59
45
57
42
43
44
58
2
2
84
59
45
57
42
43
44
58
2
2
84
59
45
57
42
43
44
58
2
2
84
59
45
57
42
43
44
58
2
2
84
85
59
45
57
42
43
44
58
2
2
84
85
59
45
57
57
60
60
60
60
60
60
60
60
60
60
60
60
60
60
60
60
60
60
60
60
60
60
60
60
55
57
62
3
3
97
64
57
57
57
57
57
57
57
2
2
168
151
40
41
42
43
44
45
84
2
2
168
173
58
2
2
84
169
170
58
2
2
84
169
170
58
2
2
84
169
170
58
2
2
84
169
170
58
2
2
84
169
170
58
2
2
84
169
170
58
2
2
84
169
170
42
43
44
47
48
49
49
49
49
49
49
49
45
42
43
44
47
48
49
49
49
49
45
42
43
44
47
48
49
49
49
49
49
49
49
49
49
45
42
43
44
47
48
49
49
49
54
171
42
43
44
47
48
49
49
45
45
42
43
44
54
171
57
45
42
43
44
54
171
57
45
42
43
44
54
171
57
45
42
43
44
54
171
57
45
42
43
44
54
171
57
45
42
43
44
54
171
57
45
55
55
56
57
57
57
57
42
43
44
47
48
49
49
45
42
43
44
47
48
49
49
45
42
43
44
47
48
49
45
42
43
44
47
48
49
45
42
43
44
47
48
49
49
49
49
49
49
49
49
49
49
49
49
49
49
49
49
49
49
49
58
2
2
84
59
45
57
57
42
43
44
47
48
49
49
49
49
49
49
49
49
49
49
58
2
2
84
59
45
57
42
43
44
47
48
49
49
49
49
49
49
49
49
49
49
49
49
49
49
49
49
49
49
49
49
49
49
49
49
58
2
2
84
59
45
57
42
43
44
47
48
49
49
49
49
49
49
49
49
49
49
49
49
49
49
49
49
49
49
49
49
49
49
49
49
49
49
49
49
49
49
49
49
49
49
49
58
2
2
84
85
59
45
57
42
43
44
47
48
49
49
49
49
49
49
49
49
49
49
49
58
2
2
84
59
45
57
42
43
44
47
48
49
49
49
49
49
49
49
49
49
49
49
49
49
49
49
49
49
49
49
49
49
49
49
49
49
49
49
49
49
49
49
49
49
49
49
49
49
49
49
49
49
49
49
49
49
49
49
49
49
49
49
49
49
49
49
49
49
49
49
49
49
49
49
49
49
49
49
49
49
49
49
49
49
49
58
2
2
84
59
45
57
42
43
44
47
48
49
49
49
49
49
49
49
49
49
49
49
49
49
49
49
49
49
49
49
49
49
49
49
49
49
49
49
49
49
49
49
49
49
49
49
49
49
49
49
49
49
49
49
49
49
49
49
49
58
2
2
84
59
45
57
57
60
60
60
60
60
60
60
60
60
60
60
60
60
60
60
60
60
60
60
60
60
60
60
55
57
62
3
3
97
64
57
57
57
57
57
57
57
7
8
9
10
115
116
117
14
77
118
17
174
175
176
177
119
23
24
25
178
27
27
27
27
27
27
28
29
28
29
28
29
30
179
28
29
32
180
181
182
2
2
168
84
183
38
125
40
41
42
43
44
45
84
151
89
90
91
92
93
94
93
94
93
95
93
95
93
95
151
89
90
91
92
93
94
93
94
93
95
93
95
93
95
152
46
46
46
46
152
46
2
2
168
173
2
2
168
173
2
2
168
173
184
2
2
168
173
184
58
38
2
2
84
169
170
58
38
2
2
84
172
58
38
2
2
84
169
170
58
38
2
2
84
169
170
58
38
2
2
84
172
58
38
2
2
84
172
58
38
2
2
84
172
58
38
2
2
84
172
58
38
2
2
84
172
58
38
2
2
84
172
58
38
2
2
84
172
58
38
2
2
84
172
58
38
2
2
84
172
58
38
2
2
84
172
42
43
44
45
42
43
44
45
2
2
168
87
88
89
90
91
92
93
94
93
94
93
94
93
95
93
95
89
90
91
92
93
94
93
94
93
94
93
95
93
95
96
63
86
5
63
3
3
97
98
5
63
3
3
97
98
5
63
3
3
97
98
5
63
86
5
96
99
100
2
2
168
87
88
89
90
91
92
93
94
93
94
93
94
93
95
93
95
89
90
91
92
93
94
93
94
93
94
93
95
93
95
99
63
86
5
63
3
3
97
98
5
63
3
3
97
98
5
63
3
3
97
98
5
63
86
5
99
99
100
149
150
42
43
44
47
48
49
49
49
49
49
49
49
45
42
43
44
47
48
49
49
49
49
45
42
43
44
47
48
49
49
49
49
49
49
49
49
49
45
42
43
44
47
48
49
49
49
49
49
49
49
49
49
49
45
42
43
44
47
48
49
49
49
49
49
49
49
49
49
49
49
49
49
49
45
42
43
44
47
48
49
49
49
54
171
42
43
44
47
48
49
49
42
43
153
42
43
47
48
49
49
49
154
44
155
57
53
156
45
42
43
57
44
47
48
49
156
45
42
43
153
57
57
44
47
48
49
49
49
49
49
49
49
54
45
44
47
48
49
49
49
49
49
49
49
49
49
45
45
57
45
42
43
44
54
171
57
57
45
42
43
44
54
171
57
57
45
55
55
56
57
57
57
57
42
43
44
47
48
49
49
57
45
42
43
44
47
48
49
49
57
45
42
43
50
44
47
48
49
51
52
57
45
42
43
44
47
48
49
57
45
42
43
44
47
48
49
49
57
157
158
159
45
57
57
57
57
42
43
57
44
47
48
49
49
57
45
42
43
44
47
48
49
57
45
42
43
57
44
47
48
49
57
45
42
43
44
47
48
49
57
45
42
43
44
47
48
49
57
45
57
57
57
57
42
43
44
47
48
49
49
49
49
49
49
49
49
49
49
49
49
49
49
49
49
49
49
49
58
38
2
2
84
59
57
45
57
57
42
43
44
47
48
49
49
49
49
49
49
49
49
49
49
49
49
49
49
49
49
49
49
49
49
49
49
49
49
58
38
2
2
84
59
57
45
57
42
43
44
47
48
49
49
49
49
49
49
49
49
49
49
49
49
49
49
49
49
49
49
49
49
49
49
49
49
49
49
49
49
49
49
49
49
49
49
49
58
38
2
2
84
85
59
57
45
57
42
43
44
47
48
49
57
45
42
43
44
47
48
49
49
49
49
49
49
49
49
49
49
49
49
49
49
49
49
49
49
49
49
49
49
49
49
49
49
49
49
49
49
49
49
49
49
49
49
49
49
49
49
49
49
49
49
49
49
49
49
49
49
49
49
49
49
49
49
49
49
49
49
49
49
49
49
49
57
54
57
57
57
57
45
42
43
44
57
57
57
57
54
57
45
57
57
60
60
60
60
60
60
60
60
60
60
60
60
60
60
60
60
60
60
60
60
60
60
60
60
60
60
60
60
60
60
60
60
60
60
55
57
62
57
57
57
102
103
103
185
185
185
185
185
185
185
185
185
185
185
185
185
185
185
185
185
185
185
185
185
185
185
185
185
185
185
185
185
185
185
185
185
61
104
57
102
103
103
105
63
3
3
97
64
186
66
51
52
57
67
79
57
57
160
2
2
168
151
40
41
42
43
44
45
84
152
46
46
46
46
46
2
2
168
173
2
2
168
173
58
2
2
84
172
58
2
2
84
172
58
2
2
84
172
58
2
2
84
172
58
2
2
84
172
58
2
2
84
172
58
2
2
84
172
58
2
2
84
169
170
169
170
58
2
2
84
172
58
2
2
84
169
170
169
170
58
2
2
84
172
58
2
2
84
172
58
2
2
84
172
58
2
2
84
172
42
43
44
45
2
2
168
87
88
89
90
91
187
93
95
93
95
93
95
93
95
89
90
91
187
93
95
93
95
93
95
93
95
87
149
150
42
43
44
47
48
49
49
49
49
49
49
49
45
42
43
44
47
48
49
49
49
49
45
42
43
44
47
48
49
49
49
49
49
49
49
49
49
45
42
43
44
47
48
49
49
49
49
49
49
49
49
49
49
45
42
43
44
47
48
49
49
49
49
49
49
49
49
49
49
49
49
49
49
45
42
43
44
47
48
49
49
49
54
171
42
43
44
47
48
49
49
42
43
153
42
43
47
48
49
49
49
154
44
155
57
53
156
45
42
43
57
44
47
48
49
156
45
42
43
153
57
57
44
47
48
49
49
49
49
49
49
49
54
45
44
47
48
49
49
49
49
49
49
49
49
49
45
45
57
45
42
43
44
54
171
57
57
45
42
43
44
54
171
57
57
45
42
43
44
54
171
57
57
45
55
55
56
57
57
57
57
42
43
44
47
48
49
49
57
45
42
43
44
47
48
49
49
57
45
42
43
50
44
47
48
49
49
51
47
48
49
49
49
49
49
49
49
49
49
49
49
49
49
49
49
49
49
49
49
49
49
49
49
49
49
49
49
49
49
49
49
49
49
49
49
49
49
49
49
49
49
49
49
49
49
49
49
49
49
49
49
49
49
49
42
43
44
47
48
49
49
49
49
49
49
49
49
49
49
49
49
49
49
49
49
49
49
49
58
2
2
84
59
57
45
42
43
44
58
2
2
84
59
57
45
42
43
44
47
48
49
49
49
49
49
49
49
49
49
49
49
49
49
49
49
49
49
49
49
49
49
49
49
49
58
2
2
84
59
57
45
42
43
44
58
2
2
84
59
57
45
101
185
185
185
185
185
185
185
185
185
185
185
185
185
185
185
185
185
185
185
185
185
185
185
185
185
185
185
185
185
185
185
185
188
102
103
57
45
57
57
57
57
42
43
57
44
47
48
49
49
57
45
42
43
57
47
48
49
49
49
49
50
50
50
44
51
51
51
57
45
42
43
44
47
48
49
57
45
42
43
44
47
48
49
57
45
57
57
57
57
57
57
57
57
57
57
57
57
57
57
60
60
60
60
60
60
60
60
60
60
60
60
60
60
60
60
60
60
60
60
60
60
60
60
60
60
60
60
55
57
62
57
3
3
97
64
57
189
190
191
192
193
194
112
160
112
57
112
160
112
112
160
112
112
160
112
57
57
69
114
71
195
7
8
9
10
73
74
75
14
22
76
17
196
197
198
199
77
23
24
25
200
27
27
27
27
27
27
28
29
28
29
28
29
30
179
28
29
32
180
181
182
2
2
36
84
83
40
41
42
43
44
45
146
147
148
2
149
150
42
43
44
47
48
49
49
49
49
49
49
49
45
42
43
44
47
48
49
49
49
49
45
42
43
44
47
48
49
49
49
49
49
49
49
49
49
45
55
55
56
57
57
57
57
42
43
44
47
48
49
49
45
42
43
44
47
48
49
49
45
42
43
44
47
48
49
49
49
49
45
42
43
50
50
50
50
50
50
50
44
47
48
49
49
51
57
52
51
97
3
3
3
4
5
85
51
97
3
3
3
4
5
51
97
3
3
3
4
5
51
97
3
3
3
4
5
85
51
97
3
3
3
4
5
85
51
97
3
3
3
4
5
85
45
57
60
60
60
60
60
60
60
60
60
60
60
60
60
60
55
57
62
97
3
3
3
64
186
66
47
48
49
51
57
52
51
97
3
3
3
4
5
85
51
97
3
3
3
4
5
51
97
3
3
3
4
5
51
97
3
3
3
4
5
85
51
97
3
3
3
4
5
85
51
97
3
3
3
4
5
85
67
79
58
84
2
2
2
97
98
97
98
5
5
47
48
49
49
49
49
49
49
49
49
49
49
49
49
49
49
49
49
49
49
49
58
84
2
2
2
47
48
49
49
49
49
49
49
49
49
49
49
49
49
49
49
49
49
49
49
49
49
49
49
49
49
58
84
2
2
2
47
48
49
49
49
49
49
49
49
49
49
49
49
49
49
49
49
49
49
49
49
49
49
49
49
49
49
49
49
49
49
49
49
49
49
49
49
85
58
84
2
2
2
47
48
49
49
49
49
49
49
49
49
49
49
49
49
49
49
49
49
49
49
49
49
49
49
49
49
49
49
49
49
49
49
49
49
49
49
49
49
49
49
49
49
49
49
49
49
49
49
49
49
69
114
71
195
2
2
168
151
40
41
42
43
44
45
46
46
46
149
150
42
43
44
17
47
48
49
49
49
49
49
49
49
45
42
43
44
47
48
49
49
49
49
45
42
43
44
47
48
49
49
49
49
49
49
49
49
49
45
55
55
56
57
57
57
57
42
43
44
47
48
49
49
45
42
43
44
47
48
49
49
45
42
43
44
47
48
49
49
45
42
43
57
44
47
48
49
49
49
45
42
43
57
44
45
42
43
57
44
47
48
49
45
57
60
60
60
60
60
60
60
60
60
60
60
60
60
60
60
55
57
62
3
3
64
2
2
168
151
40
41
42
43
44
45
46
149
150
42
43
44
47
48
49
49
49
49
49
49
49
45
42
43
44
47
48
49
49
49
49
45
42
43
44
47
48
49
49
49
49
49
49
49
49
49
45
55
55
56
57
57
57
57
42
43
44
47
48
49
49
45
42
43
44
47
48
49
49
45
42
43
44
47
48
49
49
45
42
43
57
44
47
48
49
49
49
45
57
60
60
60
60
60
60
60
60
60
60
60
60
60
60
55
57
62
3
3
64
57
163
62
112
57
164
163
62
57
164
2
2
168
151
40
41
42
43
44
45
46
46
46
149
150
42
43
44
47
48
49
49
49
49
49
49
49
45
42
43
44
47
48
49
49
49
49
45
42
43
44
47
48
49
49
49
49
49
49
49
49
49
45
55
55
56
57
57
57
57
42
43
44
47
48
49
49
45
42
43
44
47
48
49
49
45
42
43
44
47
48
49
49
45
42
43
57
44
47
48
49
49
49
45
42
43
57
44
45
42
43
57
44
47
48
49
45
57
60
60
60
60
60
60
60
60
60
60
60
60
60
60
60
55
57
62
3
3
64
2
2
168
151
40
41
42
43
44
45
46
149
150
42
43
44
47
48
49
49
49
49
49
49
49
45
42
43
44
47
48
49
49
49
49
45
42
43
44
47
48
49
49
49
49
49
49
49
49
49
45
55
55
56
57
57
57
57
42
43
44
47
48
49
49
45
42
43
44
47
48
49
49
45
42
43
44
47
48
49
49
45
42
43
57
44
47
48
49
49
49
45
57
60
60
60
60
60
60
60
60
60
60
60
60
60
60
55
57
62
3
3
64
201
103
57
163
62
57
164
163
62
57
164
2
2
168
151
40
41
42
43
44
45
46
46
46
149
150
42
43
44
47
48
49
49
49
49
49
49
49
45
42
43
44
47
48
49
49
49
49
45
42
43
44
47
48
49
49
49
49
49
49
49
49
49
45
55
55
56
57
57
57
57
42
43
44
47
48
49
49
45
42
43
44
47
48
49
49
45
42
43
44
47
48
49
49
45
42
43
57
44
47
48
49
49
49
45
42
43
57
44
45
42
43
57
44
47
48
49
45
57
60
60
60
60
60
60
60
60
60
60
60
60
60
60
60
55
57
62
3
3
64
2
2
168
151
40
41
42
43
44
45
46
149
150
42
43
44
47
48
49
49
49
49
49
49
49
45
42
43
44
47
48
49
49
49
49
45
42
43
44
47
48
49
49
49
49
49
49
49
49
49
45
55
55
56
57
57
57
57
42
43
44
47
48
49
49
45
42
43
44
47
48
49
49
45
42
43
44
47
48
49
49
45
42
43
57
44
47
48
49
49
49
45
57
60
60
60
60
60
60
60
60
60
60
60
60
60
60
55
57
62
3
3
64
201
57
57
202
57
163
62
57
164
163
62
57
164
2
2
168
40
2
2
168
203
204
205
206
207
208
205
208
209
210
211
41
55
55
56
42
43
44
47
48
49
49
49
49
49
49
49
49
49
49
49
49
49
49
49
49
49
49
49
45
42
43
44
47
48
49
49
49
49
49
49
49
49
49
49
49
49
49
49
49
49
49
49
49
49
49
49
49
49
45
42
43
44
47
48
49
49
49
49
49
49
49
49
49
49
49
49
49
49
49
49
49
49
49
49
49
49
49
49
49
49
49
49
49
49
49
49
49
49
49
85
45
42
43
44
85
45
42
43
44
47
48
49
49
49
49
49
49
49
49
49
49
49
49
49
49
49
49
49
49
49
49
49
49
49
49
49
49
49
49
49
49
49
49
49
49
49
49
49
49
49
49
49
49
49
49
49
49
49
49
49
49
49
49
49
49
49
49
49
49
49
49
49
49
49
49
49
42
43
44
45
57
54
57
57
45
57
55
57
62
57
102
212
103
103
212
212
212
213
214
215
216
217
218
219
220
221
222
223
224
225
226
227
228
229
230
231
232
233
185
185
185
185
185
185
185
185
185
185
185
185
185
185
185
185
185
185
185
185
185
185
185
185
185
185
185
185
185
185
185
185
185
234
235
236
237
238
239
240
241
242
243
244
245
246
247
248
249
250
251
252
253
254
255
256
257
61
104
3
3
64
57
62
57
57
2
2
168
40
2
2
168
203
204
205
206
207
208
205
208
209
210
211
41
55
55
56
42
43
44
47
48
49
49
49
49
49
49
49
49
49
49
49
49
49
49
49
49
49
49
49
45
42
43
44
47
48
49
49
49
49
49
49
49
49
49
49
49
49
49
49
49
49
49
49
49
49
49
49
49
49
45
42
43
44
47
48
49
49
49
49
49
49
49
49
49
49
49
49
49
49
49
49
49
49
49
49
49
49
49
49
49
49
49
49
49
49
49
49
49
49
49
85
45
42
43
44
47
48
49
49
49
49
49
49
49
49
49
49
49
49
49
49
49
49
49
49
49
49
49
49
49
49
49
49
49
49
49
49
49
49
49
49
49
49
49
49
49
49
49
49
49
49
49
49
49
49
49
49
49
49
49
49
49
49
49
49
49
49
49
49
49
49
49
49
49
49
49
49
49
49
49
49
85
45
42
43
44
47
48
49
49
49
49
49
49
49
49
49
49
49
49
49
49
49
49
49
49
49
49
49
49
49
49
49
49
49
49
49
49
49
49
49
49
49
49
49
49
49
49
49
49
49
49
49
49
49
49
49
49
49
49
49
49
49
49
49
49
49
49
49
49
49
49
49
42
43
44
45
54
57
42
43
44
85
85
45
57
57
42
43
44
47
48
49
49
49
49
49
49
49
49
49
49
45
57
57
45
57
42
43
44
57
57
54
57
57
57
57
45
57
57
55
57
62
57
57
102
103
103
185
185
185
185
185
185
185
185
185
185
185
185
185
185
185
185
185
185
185
185
185
185
185
185
185
185
185
185
185
185
185
185
185
61
61
104
102
103
103
105
3
3
64
57
62
57
2
2
168
40
2
2
168
203
204
205
206
207
208
205
208
209
210
211
41
55
55
56
42
43
44
47
48
49
49
49
49
49
49
49
49
49
49
49
49
49
49
49
49
49
49
49
45
42
43
44
47
48
49
49
49
49
49
49
49
49
49
49
49
49
49
49
49
49
49
49
49
49
49
49
49
49
45
42
43
44
47
48
49
49
49
49
49
49
49
49
49
49
49
49
49
49
49
49
49
49
49
49
49
49
49
49
49
49
49
49
49
49
49
49
49
49
49
85
45
42
43
44
47
48
49
49
49
49
49
49
49
49
49
49
49
49
49
49
49
49
49
49
49
49
49
49
49
49
49
49
49
49
49
49
49
49
49
49
49
49
49
49
49
49
49
49
49
49
49
49
49
49
49
49
49
49
49
49
49
49
49
49
49
49
49
49
49
49
49
49
49
49
49
49
49
49
49
49
85
45
42
43
44
47
48
49
49
49
49
49
49
49
49
49
49
49
49
49
49
49
49
49
49
49
49
49
49
49
49
49
49
49
49
49
49
49
49
49
49
49
49
49
49
49
49
49
49
49
49
49
49
49
49
49
49
49
49
49
49
49
49
49
49
49
49
49
49
49
49
49
42
43
44
45
54
57
42
43
44
85
85
45
57
57
57
57
45
57
42
43
44
57
57
54
57
57
57
45
57
55
57
62
57
57
102
103
103
61
104
102
103
103
61
105
3
3
64
57
62
57
57
2
2
168
40
2
2
168
203
204
205
206
207
208
205
208
209
210
211
41
55
55
56
42
43
44
47
48
49
49
49
49
49
49
49
49
49
49
49
49
49
49
49
49
49
49
49
45
42
43
44
47
48
49
49
49
49
49
49
49
49
49
49
49
49
49
49
49
49
49
49
49
49
49
49
49
49
45
42
43
44
47
48
49
49
49
49
49
49
49
49
49
49
49
49
49
49
49
49
49
49
49
49
49
49
49
49
49
49
49
49
49
49
49
49
49
49
49
85
45
42
43
44
47
48
49
49
49
49
49
49
49
49
49
49
49
49
49
49
49
49
49
49
49
49
49
49
49
49
49
49
49
49
49
49
49
49
49
49
49
49
49
49
49
49
49
49
49
49
49
49
49
49
49
49
49
49
49
49
49
49
49
49
49
49
49
49
49
49
49
42
43
44
45
85
54
57
57
57
258
45
57
55
57
62
57
3
3
64
57
62
57
2
2
168
40
2
2
168
203
204
205
206
207
208
205
208
209
210
211
41
55
55
56
42
43
44
47
48
49
49
49
49
49
49
49
49
49
49
49
49
49
49
49
49
49
49
49
45
42
43
44
47
48
49
49
49
49
49
49
49
49
49
49
49
49
49
49
49
49
49
49
49
49
49
49
49
49
45
42
43
44
47
48
49
49
49
49
49
49
49
49
49
49
49
49
49
49
49
49
49
49
49
49
49
49
49
49
49
49
49
49
49
49
49
49
49
49
49
85
45
42
43
44
47
48
49
49
49
49
49
49
49
49
49
49
49
49
49
49
49
49
49
49
49
49
49
49
49
49
49
49
49
49
49
49
49
49
49
49
49
49
49
49
49
49
49
49
49
49
49
49
49
49
49
49
49
49
49
49
49
49
49
49
49
49
49
49
49
49
49
43
47
48
49
49
49
45
54
57
57
57
45
55
57
62
57
102
103
103
61
104
3
3
64
57
62
57
2
2
168
40
2
2
168
203
204
205
206
207
208
205
208
209
210
211
41
55
55
56
42
43
44
47
48
49
49
49
49
49
49
49
49
49
49
49
49
49
49
49
49
49
49
49
45
42
43
44
47
48
49
49
49
49
49
49
49
49
49
49
49
49
49
49
49
49
49
49
49
49
49
49
49
49
45
42
43
44
47
48
49
49
49
49
49
49
49
49
49
49
49
49
49
49
49
49
49
49
49
49
49
49
49
49
49
49
49
49
49
49
49
49
49
49
49
85
45
42
43
44
47
48
49
49
49
49
49
49
49
49
49
49
49
49
49
49
49
49
49
49
49
49
49
49
49
49
49
49
49
49
49
49
49
49
49
49
49
49
49
49
49
49
49
49
49
49
49
49
49
49
49
49
49
49
49
49
49
49
49
49
49
49
49
49
49
49
49
49
49
49
49
49
49
49
49
49
85
45
42
43
44
47
48
49
49
49
49
49
49
49
49
49
49
49
49
49
49
49
49
49
49
49
49
49
49
49
49
49
49
49
49
49
49
49
49
49
49
49
49
49
49
49
49
49
49
49
49
49
49
49
49
49
49
49
49
49
49
49
49
49
49
49
49
49
49
49
49
49
42
43
44
45
54
57
42
43
44
85
85
85
45
42
43
44
85
85
45
57
259
164
2
2
168
40
2
2
168
203
204
205
206
207
208
205
208
209
210
211
41
55
55
56
42
43
44
47
48
49
49
49
49
49
49
49
49
49
49
49
49
49
49
49
49
49
49
49
45
42
43
212
44
47
48
49
49
49
49
49
49
49
49
49
49
49
49
49
49
49
49
49
49
49
49
49
49
49
49
49
49
49
49
49
49
49
49
49
49
49
49
49
49
49
49
49
49
49
49
49
49
49
49
49
49
49
49
49
49
43
47
48
49
49
49
49
49
49
49
49
49
49
49
49
49
49
49
49
49
49
49
49
49
49
49
49
49
49
49
49
49
260
261
262
164
2
2
168
40
2
2
168
203
204
205
206
207
208
205
208
209
210
211
41
55
55
56
42
43
44
47
48
49
49
49
49
49
49
49
49
49
49
49
49
49
49
49
49
49
49
49
45
42
43
44
47
48
49
49
49
49
49
49
49
49
49
49
49
49
49
49
49
49
49
49
49
49
49
49
49
49
45
42
43
44
47
48
49
49
49
49
49
49
49
49
49
49
49
49
49
49
49
49
49
49
49
49
49
49
49
49
49
49
49
49
49
49
49
49
49
49
49
45
42
43
44
47
48
49
49
49
45
42
43
44
47
48
49
49
49
49
49
49
49
49
49
49
49
49
49
49
49
49
49
49
49
49
49
49
49
49
49
49
49
49
49
49
49
49
49
49
49
49
49
49
49
49
49
49
49
49
49
49
49
49
49
49
49
49
49
49
49
49
49
49
49
49
49
49
49
49
49
57
57
54
57
57
45
55
57
62
57
102
103
103
61
104
3
3
64
57
62
57
57
2
2
168
40
2
2
168
203
204
205
206
207
208
103
103
205
185
208
185
185
185
185
185
185
185
185
185
185
185
185
185
185
185
185
185
185
185
185
185
185
185
185
209
185
185
185
185
185
185
185
185
210
61
61
211
41
55
55
56
42
43
44
47
48
49
49
49
49
49
49
49
49
49
49
49
49
49
49
49
49
49
49
49
45
42
43
44
47
48
49
49
49
49
49
49
49
49
49
49
49
49
49
49
49
49
49
49
49
49
49
49
49
49
45
42
43
44
47
48
49
49
49
49
49
49
49
49
49
49
49
49
49
49
49
49
49
49
49
49
49
49
49
49
49
49
49
49
49
49
49
49
49
49
49
85
45
42
43
44
47
48
49
49
49
49
49
49
49
49
49
49
49
49
49
49
49
49
49
49
49
49
49
49
49
49
49
49
49
49
49
49
49
49
49
49
49
49
49
49
49
49
49
49
49
49
49
49
49
49
49
49
49
49
49
49
49
49
49
49
49
49
49
49
49
49
49
49
49
49
49
49
49
49
49
49
85
45
42
43
44
47
48
49
49
49
49
49
49
49
49
49
49
49
49
49
49
49
49
49
49
49
49
49
49
49
49
49
49
49
49
49
49
49
49
49
49
49
49
49
49
49
49
49
49
49
49
49
49
49
49
49
49
49
49
49
49
49
49
49
49
49
49
49
49
49
49
49
42
43
44
45
54
57
57
57
57
42
43
44
47
48
49
49
49
49
49
49
49
49
49
49
49
45
42
43
44
45
263
164
2
2
168
40
2
2
168
203
204
205
206
207
208
205
208
209
210
211
41
55
55
56
42
43
44
47
48
49
49
49
49
49
49
49
49
49
49
49
49
49
49
49
49
49
49
49
45
42
43
44
47
48
49
49
49
49
49
49
49
49
49
49
49
49
49
49
49
49
49
49
49
49
49
49
49
49
45
42
43
44
47
48
49
49
49
49
49
49
49
49
49
49
49
49
49
49
49
49
49
49
49
49
49
49
49
49
49
49
49
49
49
49
49
49
49
49
49
85
45
42
43
44
47
48
49
49
49
49
49
49
49
49
49
49
49
49
49
49
49
49
49
49
49
49
49
49
49
49
49
49
49
49
49
49
49
49
49
49
49
49
49
49
49
49
49
49
49
49
49
49
49
49
49
49
49
49
49
49
49
49
49
49
49
49
49
49
49
49
49
42
43
44
45
54
57
57
57
45
57
55
57
62
57
102
103
103
185
185
185
185
185
185
185
185
185
185
185
185
185
185
185
185
185
185
185
185
185
185
185
185
185
185
185
185
185
185
185
185
185
61
61
104
3
3
64
57
62
57
2
2
168
40
2
2
168
203
204
205
206
207
208
205
208
209
210
211
41
55
55
56
42
43
44
47
48
49
49
49
49
49
49
49
49
49
49
49
49
49
49
49
49
49
49
49
45
42
43
44
47
48
49
49
49
49
49
49
49
49
49
49
49
49
49
49
49
49
49
49
49
49
49
49
49
49
45
42
43
44
47
48
49
49
49
49
49
49
49
49
49
49
49
49
49
49
49
49
49
49
49
49
49
49
49
49
49
49
49
49
49
49
49
49
49
49
49
85
45
42
43
44
47
48
49
49
49
49
49
49
49
49
49
49
49
49
49
49
49
49
49
49
49
49
49
49
49
49
49
49
49
49
49
49
49
49
49
49
49
49
49
49
49
49
49
49
49
49
49
49
49
49
49
49
49
49
49
49
49
49
49
49
49
49
49
49
49
49
49
49
49
49
49
49
49
49
49
49
85
45
61
42
43
44
47
48
49
49
49
49
49
49
49
49
49
49
49
49
49
49
49
49
49
49
49
49
49
49
49
49
49
49
49
49
49
49
49
49
49
49
49
49
49
49
49
49
49
49
49
49
49
49
49
49
49
49
49
49
49
49
49
49
49
49
49
49
49
49
49
49
49
42
43
44
45
54
57
57
57
57
42
43
44
47
48
49
49
49
49
49
49
49
49
49
49
49
85
45
57
45
57
57
55
57
62
57
102
103
103
61
104
3
3
64
57
62
57
2
2
168
40
2
2
168
203
204
205
206
207
208
205
208
209
210
211
41
55
55
56
42
43
44
47
48
49
49
49
49
49
49
49
49
49
49
49
49
49
49
49
49
49
49
49
45
42
43
44
47
48
49
49
49
49
49
49
49
49
49
49
49
49
49
49
49
49
49
49
49
49
49
49
49
49
45
42
43
44
47
48
49
49
49
49
49
49
49
49
49
49
49
49
49
49
49
49
49
49
49
49
49
49
49
49
49
49
49
49
49
49
49
49
49
49
49
85
45
42
43
44
47
48
49
49
49
49
49
49
49
49
49
49
49
49
49
49
49
49
49
49
49
49
49
49
49
49
49
49
49
49
49
49
49
49
49
49
49
49
49
49
49
49
49
49
49
49
49
49
49
49
49
49
49
49
49
49
49
49
49
49
49
49
49
49
49
49
49
42
43
44
45
54
57
57
57
45
57
55
57
62
57
102
103
103
61
104
3
3
64
57
62
57
57
57
264
212
201
87
212
2
2
36
173
163
163
163
163
112
62
62
163
62
62
57
57
62
163
163
62
62
57
164
57
57
164
57
57
57
164
164
54
57
164
164
54
54
164
54
54
54
54
54
165
166
166
166
165
2
2
58
2
2
58
2
2
3
4
5
58
2
2
58
2
2
