1
1
2
1
3
1
3
1
2
1
4
5
6
5
6
5
6
5
6
5
6
5
6
7
8
8
7
8
8
9
10
11
12
10
10
13
14
15
16
17
17
17
17
17
12
10
13
10
13
17
10
11
12
10
10
13
14
15
16
17
17
17
17
17
12
10
13
17
10
11
12
10
10
13
14
15
16
17
17
17
17
17
12
10
11
12
10
10
13
14
15
16
17
17
17
17
17
12
10
13
17
10
11
12
10
10
13
14
15
16
17
17
17
17
17
12
10
13
17
10
11
12
10
10
13
14
15
16
17
17
17
17
17
12
10
13
10
11
12
10
10
13
14
15
16
17
17
17
17
17
12
10
13
18
19
20
19
21
22
23
24
22
23
25
26
27
24
22
23
25
22
23
25
22
23
24
22
23
25
22
23
25
22
23
24
22
23
24
22
23
24
22
23
25
26
27
24
22
23
25
22
23
25
22
23
24
22
23
25
22
23
25
26
23
22
23
24
22
23
24
22
23
24
22
23
24
22
23
24
22
23
24
22
23
24
22
23
24
22
23
24
22
23
24
22
23
24
22
23
24
22
23
24
22
23
24
22
23
24
22
23
24
22
23
24
22
23
24
22
23
24
22
23
24
22
23
24
22
23
24
22
23
24
22
23
24
22
23
24
22
23
24
22
23
24
28
29
28
30
28
31
32
11
11
22
23
24
22
23
25
26
27
24
22
23
25
22
23
25
22
23
24
22
23
25
22
23
25
22
23
24
22
23
24
22
23
24
22
23
25
26
27
24
22
23
25
22
23
25
22
23
24
22
23
25
22
23
25
26
23
22
23
24
22
23
24
22
23
24
22
23
24
22
23
24
22
23
24
22
23
24
22
23
24
22
23
24
22
23
24
22
23
24
22
23
24
22
23
24
22
23
24
22
23
24
22
23
24
22
23
24
22
23
24
22
23
24
22
23
24
22
23
24
22
23
24
22
23
24
22
23
24
22
23
24
22
23
24
22
23
24
28
29
28
30
28
31
32
11
19
21
21
19
20
19
21
22
23
24
22
23
25
26
27
24
22
23
25
22
23
25
22
23
24
22
23
25
22
23
25
22
23
24
22
23
24
22
23
24
22
23
25
26
27
24
22
23
25
22
23
25
22
23
24
22
23
25
22
23
25
26
23
22
23
24
22
23
24
22
23
24
22
23
24
22
23
24
22
23
24
22
23
24
22
23
24
22
23
24
22
23
24
22
23
24
22
23
24
22
23
24
22
23
24
22
23
24
22
23
24
22
23
24
22
23
24
22
23
24
22
23
24
22
23
24
22
23
24
22
23
24
22
23
24
22
23
24
22
23
24
22
23
24
28
29
28
30
28
31
33
34
35
36
36
37
11
11
38
39
22
23
24
22
23
25
26
27
24
22
23
25
22
23
25
22
23
24
22
23
25
22
23
25
22
23
24
22
23
24
22
23
24
22
23
25
26
27
24
22
23
25
22
23
25
22
23
24
22
23
25
22
23
25
26
23
22
23
24
22
23
24
22
23
24
22
23
24
22
23
24
22
23
24
22
23
24
22
23
24
22
23
24
22
23
24
22
23
24
22
23
24
22
23
24
22
23
24
22
23
24
22
23
24
22
23
24
22
23
24
22
23
24
22
23
24
22
23
24
22
23
24
22
23
24
22
23
24
22
23
24
22
23
24
22
23
24
28
29
28
30
28
31
33
34
40
36
36
37
11
38
39
14
15
16
17
17
17
17
17
12
12
10
13
17
1
41
42
5
6
2
14
17
17
17
17
17
17
17
17
43
44
45
46
47
48
49
17
49
17
49
49
50
17
17
49
22
23
24
22
23
25
26
27
24
22
23
25
22
23
25
22
23
24
22
23
25
22
23
25
22
23
24
22
23
24
22
23
24
22
23
25
26
27
24
22
23
25
22
23
25
22
23
24
22
23
25
22
23
25
26
23
22
23
24
22
23
24
22
23
24
22
23
24
22
23
24
22
23
24
22
23
24
22
23
24
22
23
24
22
23
24
22
23
24
22
23
24
22
23
24
22
23
24
22
23
24
22
23
24
22
23
24
22
23
24
22
23
24
22
23
24
22
23
24
22
23
24
22
23
24
22
23
24
22
23
24
22
23
24
22
23
24
28
29
28
30
28
31
34
51
36
36
52
53
23
37
54
55
18
56
57
57
22
23
24
22
23
25
26
27
24
22
23
25
22
23
25
22
23
24
22
23
25
22
23
25
22
23
24
22
23
24
22
23
24
22
23
25
26
27
24
22
23
25
22
23
25
22
23
24
22
23
25
22
23
25
26
23
22
23
24
22
23
24
22
23
24
22
23
24
22
23
24
22
23
24
22
23
24
22
23
24
22
23
24
22
23
24
22
23
24
22
23
24
22
23
24
22
23
24
22
23
24
22
23
24
22
23
24
22
23
24
22
23
24
22
23
24
22
23
24
22
23
24
22
23
24
22
23
24
22
23
24
22
23
24
22
23
24
28
29
28
30
28
31
33
34
58
36
36
37
33
59
60
36
36
61
11
14
15
16
17
17
17
17
17
17
1
41
42
5
6
2
14
17
17
17
17
17
17
17
17
43
44
45
46
47
48
49
17
49
17
49
49
50
17
17
49
22
23
24
22
23
25
26
27
24
22
23
25
22
23
25
22
23
24
22
23
25
22
23
25
22
23
24
22
23
24
22
23
24
22
23
25
26
27
24
22
23
25
22
23
25
22
23
24
22
23
25
22
23
25
26
23
22
23
24
22
23
24
22
23
24
22
23
24
22
23
24
22
23
24
22
23
24
22
23
24
22
23
24
22
23
24
22
23
24
22
23
24
22
23
24
22
23
24
22
23
24
22
23
24
22
23
24
22
23
24
22
23
24
22
23
24
22
23
24
22
23
24
22
23
24
22
23
24
22
23
24
22
23
24
22
23
24
28
29
28
30
28
62
18
63
63
64
65
22
23
24
22
23
25
26
27
24
22
23
25
22
23
25
22
23
24
22
23
25
22
23
25
22
23
24
22
23
24
22
23
24
22
23
25
26
27
24
22
23
25
22
23
25
22
23
24
22
23
25
22
23
25
26
23
22
23
24
22
23
24
22
23
24
22
23
24
22
23
24
22
23
24
22
23
24
22
23
24
22
23
24
22
23
24
22
23
24
22
23
24
22
23
24
22
23
24
22
23
24
22
23
24
22
23
24
22
23
24
22
23
24
22
23
24
22
23
24
22
23
24
22
23
24
22
23
24
22
23
24
22
23
24
22
23
24
28
29
28
30
28
62
18
63
63
64
65
22
23
24
22
23
25
26
27
24
22
23
25
22
23
25
22
23
24
22
23
25
22
23
25
22
23
24
22
23
24
22
23
24
22
23
25
26
27
24
22
23
25
22
23
25
22
23
24
22
23
25
22
23
25
26
23
22
23
24
22
23
24
22
23
24
22
23
24
22
23
24
22
23
24
22
23
24
22
23
24
22
23
24
22
23
24
22
23
24
22
23
24
22
23
24
22
23
24
22
23
24
22
23
24
22
23
24
22
23
24
22
23
24
22
23
24
22
23
24
22
23
24
22
23
24
22
23
24
22
23
24
22
23
24
22
23
24
28
29
28
30
28
31
34
66
36
36
52
67
23
68
25
37
69
11
10
10
14
15
16
17
17
17
17
17
12
17
1
41
42
5
6
2
14
17
17
17
17
17
17
17
17
43
44
45
46
47
48
49
17
49
17
49
49
50
17
17
49
17
49
17
49
17
49
70
17
49
49
17
49
17
49
71
72
17
49
49
17
49
73
17
17
17
74
11
10
10
14
15
16
17
17
17
17
17
12
17
1
41
42
5
6
2
14
17
17
17
17
17
17
17
17
43
44
45
46
47
48
49
17
49
17
49
49
50
17
17
49
17
49
17
49
17
49
70
17
49
49
17
49
17
49
71
72
17
49
49
17
49
73
17
17
17
17
1
41
42
5
6
2
14
17
17
17
17
17
17
17
17
43
47
48
49
17
49
17
49
49
50
17
17
49
17
49
17
49
17
49
70
17
17
17
49
17
49
71
72
17
49
49
17
49
73
17
17
17
74
11
10
14
15
16
17
17
17
17
17
17
1
41
42
5
6
2
14
17
17
17
17
17
17
17
17
43
44
45
46
47
48
49
17
49
17
49
49
50
17
74
11
10
10
14
15
16
17
17
17
17
17
12
17
43
44
45
46
47
48
49
49
49
49
75
76
74
17
17
77
11
10
10
14
15
16
17
17
17
17
17
12
17
1
41
42
5
6
2
14
17
17
17
17
17
17
17
17
43
44
45
46
47
48
49
17
49
17
49
49
50
17
17
49
17
49
10
13
17
49
17
49
74
10
10
14
15
16
17
17
17
17
17
12
17
78
65
41
79
80
14
17
17
17
17
17
17
17
43
44
45
46
47
48
49
17
49
17
49
49
50
17
17
49
17
49
17
49
70
81
82
17
49
17
49
17
49
70
81
82
17
49
17
49
71
81
82
72
17
49
49
17
49
73
74
19
21
21
21
21
21
22
23
24
22
23
25
26
27
24
22
23
25
22
23
25
22
23
24
22
23
25
22
23
25
22
23
24
22
23
24
22
23
24
22
23
25
26
27
24
22
23
25
22
23
25
22
23
24
22
23
25
22
23
25
26
23
22
23
24
22
23
24
22
23
24
22
23
24
22
23
24
22
23
24
22
23
24
22
23
24
22
23
24
22
23
24
22
23
24
22
23
24
22
23
24
22
23
24
22
23
24
22
23
24
22
23
24
22
23
24
22
23
24
22
23
24
22
23
24
22
23
24
22
23
24
22
23
24
22
23
24
22
23
24
22
23
24
28
29
28
30
28
31
33
33
34
83
36
36
37
33
59
60
36
36
61
34
84
36
36
52
53
23
25
37
81
85
86
14
15
16
17
17
17
17
17
17
1
49
87
41
88
5
6
2
14
17
17
17
17
17
17
17
17
43
44
45
46
47
48
49
17
49
17
49
49
50
17
14
15
16
17
17
17
17
17
17
1
49
89
90
5
6
2
14
17
17
17
17
17
17
17
17
43
47
48
49
17
49
17
49
49
50
17
91
92
5
6
81
93
49
89
94
5
6
81
93
95
81
93
49
87
91
96
5
6
41
97
41
79
70
81
82
70
81
82
70
81
82
70
81
82
70
81
82
70
81
82
70
81
82
70
81
82
70
81
82
70
81
82
70
81
82
70
81
82
70
81
82
70
81
82
70
81
82
70
81
82
70
81
82
70
81
82
70
81
82
70
81
82
70
81
82
70
81
82
41
79
70
81
82
95
22
23
24
22
23
25
26
27
24
22
23
25
22
23
25
22
23
24
22
23
25
22
23
25
22
23
24
22
23
24
22
23
24
22
23
25
26
27
24
22
23
25
22
23
25
22
23
24
22
23
25
22
23
25
26
23
22
23
24
22
23
24
22
23
24
22
23
24
22
23
24
22
23
24
22
23
24
22
23
24
22
23
24
22
23
24
22
23
24
22
23
24
22
23
24
22
23
24
22
23
24
22
23
24
22
23
24
22
23
24
22
23
24
22
23
24
22
23
24
22
23
24
22
23
24
22
23
24
22
23
24
22
23
24
22
23
24
28
29
28
30
28
31
33
34
98
36
36
37
81
82
34
99
36
36
52
53
23
25
37
14
15
16
17
17
17
17
17
17
1
41
42
5
6
2
14
17
17
17
17
17
17
17
17
43
47
48
49
17
49
17
49
49
50
17
17
49
17
49
70
81
82
22
23
24
22
23
25
26
27
24
22
23
25
22
23
25
22
23
24
22
23
25
22
23
25
22
23
24
22
23
24
22
23
24
22
23
25
26
27
24
22
23
25
22
23
25
22
23
24
22
23
25
22
23
25
26
23
22
23
24
22
23
24
22
23
24
22
23
24
22
23
24
22
23
24
22
23
24
22
23
24
22
23
24
22
23
24
22
23
24
22
23
24
22
23
24
22
23
24
22
23
24
22
23
24
22
23
24
22
23
24
22
23
24
22
23
24
22
23
24
22
23
24
22
23
24
22
23
24
22
23
24
22
23
24
22
23
24
28
29
28
30
28
31
33
34
100
36
36
37
81
82
34
99
36
36
52
53
23
25
37
14
15
16
17
17
17
17
17
17
1
41
42
5
6
2
14
17
17
17
17
17
17
17
17
43
47
48
49
17
49
17
49
49
50
17
17
49
17
49
70
81
82
22
23
24
22
23
25
26
27
24
22
23
25
22
23
25
22
23
24
22
23
25
22
23
25
22
23
24
22
23
24
22
23
24
22
23
25
26
27
24
22
23
25
22
23
25
22
23
24
22
23
25
22
23
25
26
23
22
23
24
22
23
24
22
23
24
22
23
24
22
23
24
22
23
24
22
23
24
22
23
24
22
23
24
22
23
24
22
23
24
22
23
24
22
23
24
22
23
24
22
23
24
22
23
24
22
23
24
22
23
24
22
23
24
22
23
24
22
23
24
22
23
24
22
23
24
22
23
24
22
23
24
22
23
24
22
23
24
28
29
28
30
28
31
33
34
101
36
36
37
81
82
34
99
36
36
52
53
23
25
37
14
15
16
17
17
17
17
17
17
1
102
103
104
105
41
42
5
6
2
14
17
17
17
17
17
17
17
17
43
47
48
49
17
49
17
49
49
50
17
17
49
17
49
71
81
82
72
17
49
49
17
49
73
22
23
24
22
23
25
26
27
24
22
23
25
22
23
25
22
23
24
22
23
25
22
23
25
22
23
24
22
23
24
22
23
24
22
23
25
26
27
24
22
23
25
22
23
25
22
23
24
22
23
25
22
23
25
26
23
22
23
24
22
23
24
22
23
24
22
23
24
22
23
24
22
23
24
22
23
24
22
23
24
22
23
24
22
23
24
22
23
24
22
23
24
22
23
24
22
23
24
22
23
24
22
23
24
22
23
24
22
23
24
22
23
24
22
23
24
22
23
24
22
23
24
22
23
24
22
23
24
22
23
24
22
23
24
22
23
24
28
29
28
30
28
31
33
34
106
36
36
37
81
82
34
99
36
36
52
53
23
25
37
14
15
16
17
17
17
17
17
17
1
41
42
5
6
22
23
24
22
23
25
26
27
24
22
23
25
22
23
25
22
23
24
22
23
25
22
23
25
22
23
24
22
23
24
22
23
24
22
23
25
26
27
24
22
23
25
22
23
25
22
23
24
22
23
25
22
23
25
26
23
22
23
24
22
23
24
22
23
24
22
23
24
22
23
24
22
23
24
22
23
24
22
23
24
22
23
24
22
23
24
22
23
24
22
23
24
22
23
24
22
23
24
22
23
24
22
23
24
22
23
24
22
23
24
22
23
24
22
23
24
22
23
24
22
23
24
22
23
24
22
23
24
22
23
24
22
23
24
22
23
24
28
29
28
30
28
31
33
34
107
36
36
37
81
82
34
99
36
36
52
53
23
25
37
14
15
16
17
17
17
17
17
17
1
41
42
5
6
2
14
17
17
17
17
17
17
17
17
43
47
48
49
17
49
17
49
49
50
17
17
49
17
49
70
81
82
22
23
24
22
23
25
26
27
24
22
23
25
22
23
25
22
23
24
22
23
25
22
23
25
22
23
24
22
23
24
22
23
24
22
23
25
26
27
24
22
23
25
22
23
25
22
23
24
22
23
25
22
23
25
26
23
22
23
24
22
23
24
22
23
24
22
23
24
22
23
24
22
23
24
22
23
24
22
23
24
22
23
24
22
23
24
22
23
24
22
23
24
22
23
24
22
23
24
22
23
24
22
23
24
22
23
24
22
23
24
22
23
24
22
23
24
22
23
24
22
23
24
22
23
24
22
23
24
22
23
24
22
23
24
22
23
24
28
29
28
30
28
31
33
34
108
36
36
37
81
82
34
99
36
36
52
53
23
25
37
14
15
16
17
17
17
17
17
17
1
41
42
5
6
2
14
17
17
17
17
17
17
17
17
43
47
48
49
17
49
17
49
49
50
17
17
49
17
49
71
81
82
72
17
49
49
17
49
73
22
23
24
22
23
25
26
27
24
22
23
25
22
23
25
22
23
24
22
23
25
22
23
25
22
23
24
22
23
24
22
23
24
22
23
25
26
27
24
22
23
25
22
23
25
22
23
24
22
23
25
22
23
25
26
23
22
23
24
22
23
24
22
23
24
22
23
24
22
23
24
22
23
24
22
23
24
22
23
24
22
23
24
22
23
24
22
23
24
22
23
24
22
23
24
22
23
24
22
23
24
22
23
24
22
23
24
22
23
24
22
23
24
22
23
24
22
23
24
22
23
24
22
23
24
22
23
24
22
23
24
22
23
24
22
23
24
28
29
28
30
28
31
33
34
109
36
36
37
81
82
34
99
36
36
52
53
23
25
37
14
15
16
17
17
17
17
17
17
1
41
42
5
6
2
14
17
17
17
17
17
17
17
17
43
47
48
49
17
49
17
49
49
50
17
17
49
17
49
70
81
82
22
23
24
22
23
25
26
27
24
22
23
25
22
23
25
22
23
24
22
23
25
22
23
25
22
23
24
22
23
24
22
23
24
22
23
25
26
27
24
22
23
25
22
23
25
22
23
24
22
23
25
22
23
25
26
23
22
23
24
22
23
24
22
23
24
22
23
24
22
23
24
22
23
24
22
23
24
22
23
24
22
23
24
22
23
24
22
23
24
22
23
24
22
23
24
22
23
24
22
23
24
22
23
24
22
23
24
22
23
24
22
23
24
22
23
24
22
23
24
22
23
24
22
23
24
22
23
24
22
23
24
22
23
24
22
23
24
28
29
28
30
28
31
33
34
110
36
36
37
81
82
34
99
36
36
52
53
23
25
37
14
15
16
17
17
17
17
17
17
1
41
42
5
6
22
23
24
22
23
25
26
27
24
22
23
25
22
23
25
22
23
24
22
23
25
22
23
25
22
23
24
22
23
24
22
23
24
22
23
25
26
27
24
22
23
25
22
23
25
22
23
24
22
23
25
22
23
25
26
23
22
23
24
22
23
24
22
23
24
22
23
24
22
23
24
22
23
24
22
23
24
22
23
24
22
23
24
22
23
24
22
23
24
22
23
24
22
23
24
22
23
24
22
23
24
22
23
24
22
23
24
22
23
24
22
23
24
22
23
24
22
23
24
22
23
24
22
23
24
22
23
24
22
23
24
22
23
24
22
23
24
28
29
28
30
28
31
33
34
111
36
36
37
81
82
34
99
36
36
52
53
23
25
37
14
15
16
17
17
17
17
17
17
1
41
42
5
6
22
23
24
22
23
25
26
27
24
22
23
25
22
23
25
22
23
24
22
23
25
22
23
25
22
23
24
22
23
24
22
23
24
22
23
25
26
27
24
22
23
25
22
23
25
22
23
24
22
23
25
22
23
25
26
23
22
23
24
22
23
24
22
23
24
22
23
24
22
23
24
22
23
24
22
23
24
22
23
24
22
23
24
22
23
24
22
23
24
22
23
24
22
23
24
22
23
24
22
23
24
22
23
24
22
23
24
22
23
24
22
23
24
22
23
24
22
23
24
22
23
24
22
23
24
22
23
24
22
23
24
22
23
24
22
23
24
28
29
28
30
28
31
33
34
112
36
36
37
81
82
34
99
36
36
52
53
23
25
37
14
15
16
17
17
17
17
17
17
1
41
42
5
6
2
14
17
17
17
17
17
17
17
17
43
47
48
49
17
49
17
49
49
50
17
17
49
17
49
71
81
82
72
17
49
49
17
49
73
22
23
24
22
23
25
26
27
24
22
23
25
22
23
25
22
23
24
22
23
25
22
23
25
22
23
24
22
23
24
22
23
24
22
23
25
26
27
24
22
23
25
22
23
25
22
23
24
22
23
25
22
23
25
26
23
22
23
24
22
23
24
22
23
24
22
23
24
22
23
24
22
23
24
22
23
24
22
23
24
22
23
24
22
23
24
22
23
24
22
23
24
22
23
24
22
23
24
22
23
24
22
23
24
22
23
24
22
23
24
22
23
24
22
23
24
22
23
24
22
23
24
22
23
24
22
23
24
22
23
24
22
23
24
22
23
24
28
29
28
30
28
31
33
34
113
36
36
37
81
82
34
99
36
36
52
53
23
25
37
14
15
16
17
17
17
17
17
17
1
41
42
5
6
2
14
17
17
17
17
17
17
17
17
43
47
48
49
17
49
17
49
49
50
17
17
49
17
49
71
81
82
72
17
49
49
17
49
73
22
23
24
22
23
25
26
27
24
22
23
25
22
23
25
22
23
24
22
23
25
22
23
25
22
23
24
22
23
24
22
23
24
22
23
25
26
27
24
22
23
25
22
23
25
22
23
24
22
23
25
22
23
25
26
23
22
23
24
22
23
24
22
23
24
22
23
24
22
23
24
22
23
24
22
23
24
22
23
24
22
23
24
22
23
24
22
23
24
22
23
24
22
23
24
22
23
24
22
23
24
22
23
24
22
23
24
22
23
24
22
23
24
22
23
24
22
23
24
22
23
24
22
23
24
22
23
24
22
23
24
22
23
24
22
23
24
28
29
28
30
28
31
33
34
114
36
36
37
81
82
34
99
36
36
52
53
23
25
37
14
15
16
17
17
17
17
17
17
1
22
23
24
22
23
25
26
27
24
22
23
25
22
23
25
22
23
24
22
23
25
22
23
25
22
23
24
22
23
24
22
23
24
22
23
25
26
27
24
22
23
25
22
23
25
22
23
24
22
23
25
22
23
25
26
23
22
23
24
22
23
24
22
23
24
22
23
24
22
23
24
22
23
24
22
23
24
22
23
24
22
23
24
22
23
24
22
23
24
22
23
24
22
23
24
22
23
24
22
23
24
22
23
24
22
23
24
22
23
24
22
23
24
22
23
24
22
23
24
22
23
24
22
23
24
22
23
24
22
23
24
22
23
24
22
23
24
28
29
28
30
28
31
33
34
115
36
36
37
81
82
34
99
36
36
52
53
23
25
37
14
15
16
17
17
17
17
17
17
1
41
42
5
6
116
117
116
117
116
118
116
117
41
119
116
117
41
42
120
120
120
120
120
120
120
102
103
104
105
102
103
104
105
102
103
104
105
102
103
104
105
102
103
104
105
120
120
118
116
117
116
117
116
116
117
41
119
116
117
41
42
121
121
122
18
19
21
11
123
121
122
18
19
20
19
21
11
11
41
42
5
6
70
124
124
102
103
104
105
70
70
70
102
103
104
105
70
70
70
70
102
103
104
105
70
103
75
76
125
104
44
45
46
47
48
49
103
75
76
125
104
44
45
46
47
48
74
44
45
46
47
48
49
75
76
74
44
45
46
47
48
49
73
74
46
47
48
74
44
45
46
47
48
49
74
44
45
46
47
48
49
49
75
76
74
44
45
46
47
48
49
49
73
74
44
45
46
47
48
49
49
49
49
49
75
76
74
48
102
103
76
125
104
105
102
103
104
105
102
103
104
105
102
103
104
105
48
102
103
104
102
105
126
105
102
103
104
102
105
126
105
102
103
104
102
105
126
105
102
103
104
102
105
126
105
102
103
104
105
102
103
104
105
102
103
104
105
102
103
104
105
102
103
104
105
102
103
104
105
48
102
103
104
105
102
103
104
105
102
103
104
105
102
103
104
105
102
103
104
105
102
103
75
76
125
104
105
102
103
104
105
102
103
104
105
102
103
104
105
102
103
104
105
10
10
12
12
10
13
10
13
17
10
10
17
43
44
45
46
47
48
49
49
49
73
17
43
47
48
49
17
49
17
49
17
49
49
17
49
73
74
22
23
24
22
23
25
26
27
24
22
23
25
22
23
25
22
23
24
22
23
25
22
23
25
22
23
24
22
23
24
22
23
24
22
23
25
26
27
24
22
23
25
22
23
25
22
23
24
22
23
25
22
23
25
26
23
22
23
24
22
23
24
22
23
24
22
23
24
22
23
24
22
23
24
22
23
24
22
23
24
22
23
24
22
23
24
22
23
24
22
23
24
22
23
24
22
23
24
22
23
24
22
23
24
22
23
24
22
23
24
22
23
24
22
23
24
22
23
24
22
23
24
22
23
24
22
23
24
22
23
24
22
23
24
22
23
24
28
29
28
30
28
31
32
11
14
15
16
17
17
17
17
17
17
1
41
42
5
6
2
14
17
17
17
17
17
17
17
17
43
44
45
46
47
48
49
17
49
17
49
49
50
17
17
49
17
49
17
49
17
49
70
17
49
17
49
70
17
49
17
49
70
17
49
17
49
17
49
17
49
17
49
17
49
17
49
17
49
70
17
49
17
49
70
17
49
17
49
70
17
49
17
49
17
49
17
49
17
49
17
49
17
49
17
49
70
17
49
17
49
70
17
49
17
49
70
17
49
17
49
17
49
17
49
17
49
17
49
17
49
70
17
49
17
49
70
17
49
17
49
70
17
49
17
49
17
49
17
49
17
49
17
49
17
49
70
17
49
17
49
70
17
49
17
49
70
17
49
17
49
17
49
71
72
17
49
49
17
49
73
74
17
43
44
45
46
47
48
10
10
12
12
10
13
10
13
10
10
18
19
21
22
23
24
22
23
25
26
27
24
22
23
25
22
23
25
22
23
24
22
23
25
22
23
25
22
23
24
22
23
24
22
23
24
22
23
25
26
27
24
22
23
25
22
23
25
22
23
24
22
23
102
25
103
22
104
23
105
25
26
23
22
23
24
22
23
24
22
23
24
22
23
24
22
23
24
22
23
24
22
23
24
22
23
24
22
23
24
22
23
24
22
23
24
22
23
24
22
23
24
22
23
24
22
23
24
22
23
24
22
23
24
22
23
24
22
23
24
22
23
24
22
23
24
22
23
24
22
23
24
22
23
24
22
23
24
22
23
24
22
23
24
28
29
28
30
28
31
32
11
10
14
15
16
17
17
17
17
17
12
12
10
10
10
12
10
